AluminumAlloy1100 2710 69000000000 0.33 0 0
AluminumAlloy2024 2770 72400000000 0.33 0 0
AluminumAlloy6060 2700 70000000000 0.33 0 0
AluminumDisperse 2700 70758450267.8 0.337506427162 0 0
AluminumDisperse_Viscoelastic 2700 70758450267.8 0.337506427162 0.003 0.01
AluminumOxide 3980 380000000000 0.22 0 0
CastIronG3000 7300 101500000000 0.26 0 0
CastIronG4000 7300 124000000000 0.26 0 0
Concrete 2400 31000000000 0.2 0 0
CopperAlloyC17200BerylliumCopper 8250 128000000000 0.3 0 0
CopperAlloyC26000CartridgeBrass 8530 110000000000 0.35 0 0
CopperAlloyC36000FreeCuttingBrass 8500 97000000000 0.34 0 0
CopperAlloyC71500CopperNickel30 8940 150000000000 0.34 0 0
CopperAlloyC93200BearingBronze 8930 100000000000 0.34 0 0
DiamondNatural 3510 950000000000 0.2 0 0
DiamondSynthetic 3360 863000000000 0.2 0 0
EpoxyDisperse 1170 3941322345.19 0.39200478392 0 0
EpoxyDisperse_Viscoelastic 1170 3941322345.19 0.39200478392 0.04 0.1
GlassBorosilicate 2230 70000000000 0.2 0 0
GlassCeramic 2600 120000000000 0.25 0 0
GlassQuartz 2200 73000000000 0.17 0 0
GlassSodaLime 2500 69000000000 0.23 0 0
Gold 19320 77000000000 0.42 0 0
Ice 900 9550000000 0.33 0 0
Inconel625 8440 207000000000 0.31 0 0
Lead 11340 13500000000 0.44 0 0
MagnesiumAlloyAZ31B 1770 45000000000 0.35 0 0
Molybdenum 10220 320000000000 0.32 0 0
Monel400 8800 180000000000 0.32 0 0
Nickel200 8890 204000000000 0.31 0 0
Nylon 1140 2690000000 0.39 0 0
Platinum 21450 171000000000 0.39 0 0
Plexiglass 1190 2740000000 0.31 0 0
Polycarbonate 1200 2380000000 0.36 0 0
Polystyrene 1050 2780000000 0.33 0 0
PolyvinylChloride 1440 3280000000 0.38 0 0
SiliconNitride 3300 304000000000 0.3 0 0
Silver 10490 74000000000 0.37 0 0
StainlessSteelAlloy304 8000 193000000000 0.3 0 0
StainlessSteelAlloy405 7800 200000000000 0.3 0 0
SteelAlloy1020 7850 207000000000 0.3 0 0
Tantalum 16600 185000000000 0.35 0 0
Teflon 2170 475000000 0.46 0 0
Tin 7170 44300000000 0.33 0 0
Titanium 4510 103000000000 0.34 0 0
TitaniumAlloyTi6Al4V 4430 114000000000 0.34 0 0
Tungsten 19300 400000000000 0.28 0 0
Zinc 7140 104500000000 0.25 0 0
Zirconium 6510 99300000000 0.35 0 0
Zirconium_Test 6510 99300000000 0.35 0 0
Zirconium_Test2 6510 99300000000 0.35 0 0
Zirconium_Test3 6510 99300000000 0.35 0 0
default 2700 68900000000 0.33 0 0
default 2700 68000000000 0.33 0 0
default 6510 99300000000 0.35 0 0
default 2700 68900000000 0.33 0 0
Aluminum2 3000 70000000000 0.33 0 0
default 2700 68900000000 0.33 0 0
Aluminum 2700 68900000000 0.33 0 0
Aluminum 2700 68900000000 0.33 0 0