Material: Aluminum
Thickness: 10.0 mm
Longitudinal wave velocity: 6148.934278633423 m/s
Shear wave velocity: 3097.3259457927006 m/s

S0				S1				S2				S3				S4				A0				A1				A2				A3				A4
fd [kHz mm]	k  [1/m]	fd [kHz mm]	k  [1/m]	fd [kHz mm]	k  [1/m]	fd [kHz mm]	k  [1/m]	fd [kHz mm]	k  [1/m]	fd [kHz mm]	k  [1/m]	fd [kHz mm]	k  [1/m]	fd [kHz mm]	k  [1/m]	fd [kHz mm]	k  [1/m]	fd [kHz mm]	k  [1/m]	
101.0		11.9		2828.3		204.0		3737.4		162.6		6363.6		277.6		9292.9		406.3		101.0		66.5		1717.2		81.8		4747.5		266.1		6767.7		308.5		8080.8		353.6
202.0		23.7		2929.3		247.2		3838.4		183.7		6464.6		340.8		9393.9		490.8		202.0		97.3		1818.2		106.2		4848.5		328.3		6868.7		338.2		8181.8		395.9
303.0		35.6		3030.3		273.2		3939.4		204.3		6565.7		389.7		9494.9		556.9		303.0		123.2		1919.2		127.8		4949.5		371.4		6969.7		367.2		8282.8		432.1
404.0		47.6		3131.3		294.0		4040.4		224.3		6666.7		430.0		9596.0		612.6		404.0		146.8		2020.2		147.7		5151.5		435.2		7070.7		395.8		8383.8		464.1
505.1		59.5		3232.3		312.1		4141.4		243.9		6767.7		464.7		9697.0		661.2		505.1		169.2		2121.2		166.7		5252.5		461.4		7171.7		424.3		8484.8		493.0
606.1		71.5		3333.3		328.6		4242.4		263.2		6868.7		495.4		9798.0		704.4		606.1		190.8		2222.2		184.9		5353.5		485.3		7272.7		452.7		8585.9		519.7
707.1		83.6		3434.3		344.2		4343.4		282.2		6969.7		523.1		9899.0		743.4		707.1		211.9		2323.2		202.8		5454.5		507.5		7373.7		481.3		8686.9		544.5
808.1		95.8		3535.4		359.1		4444.4		300.9		7070.7		548.5						808.1		232.7		2424.2		220.3		5555.6		528.6		7474.7		510.0		8787.9		568.0
909.1		108.1		3636.4		373.6		4545.5		319.3		7171.7		572.1						909.1		253.3		2525.3		237.7		5656.6		548.9		7575.8		538.8		8888.9		590.3
1010.1		120.6		3737.4		387.9		4646.5		337.5		7272.7		594.2						1010.1		273.7		2626.3		254.9		5757.6		568.5		7676.8		567.5		8989.9		611.7
1111.1		133.2		3838.4		401.9		4747.5		355.6		7373.7		615.1						1111.1		294.0		2727.3		272.2		5858.6		587.6		7777.8		596.0		9090.9		632.4
1212.1		146.1		3939.4		415.9		4848.5		373.4		7474.7		634.9						1212.1		314.3		2828.3		289.5		5959.6		606.4		7878.8		624.1		9191.9		652.5
1313.1		159.2		4040.4		429.9		4949.5		391.1		7575.8		653.9						1313.1		334.6		2929.3		307.0		6060.6		625.0		7979.8		651.5		9292.9		672.0
1414.1		172.6		4141.4		443.9		5252.5		443.0		7676.8		672.1						1414.1		354.9		3030.3		324.7		6161.6		643.5		8080.8		678.2		9393.9		691.1
1515.2		186.6		4242.4		457.9		5353.5		460.0		7777.8		689.7						1515.2		375.1		3131.3		342.7		6262.6		662.0		8181.8		704.0		9494.9		709.9
1616.2		201.1		4343.4		472.1		5454.5		476.7		7878.8		706.7						1616.2		395.4		3232.3		361.0		6363.6		680.5		8282.8		728.9		9596.0		728.3
1717.2		216.5		4444.4		486.6		5555.6		493.2		7979.8		723.1						1717.2		415.8		3333.3		379.9		6464.6		699.1		8383.8		753.0		9697.0		746.4
1818.2		233.0		4545.5		501.2		5656.6		509.5		8080.8		739.1						1818.2		436.1		3434.3		399.4		6565.7		718.0		8484.8		776.2		9798.0		764.4
1919.2		251.2		4646.5		516.2		5757.6		525.6		8181.8		754.7						1919.2		456.6		3535.4		419.5		6666.7		737.1		8585.9		798.7		9899.0		782.1
2020.2		271.7		4747.5		531.6		5858.6		541.4		8282.8		769.9						2020.2		477.0		3636.4		440.6		6767.7		756.5		8686.9		820.5				
2323.2		356.2		4848.5		547.3		5959.6		557.0		8383.8		784.8						2121.2		497.5		3737.4		462.5		6868.7		776.4		8888.9		862.5				
2424.2		391.6		4949.5		563.7		6060.6		572.4		8484.8		799.3						2222.2		518.0		3838.4		485.6		6969.7		796.7		8989.9		882.8				
2525.3		427.7		5050.5		580.6		6161.6		587.6		8585.9		813.6						2323.2		538.6		3939.4		509.8		7070.7		817.6		9090.9		902.8				
2626.3		462.8		5151.5		598.2		6262.6		602.5		9090.9		881.6						2424.2		559.3		4040.4		535.2		7171.7		839.1		9191.9		922.5				
2727.3		496.4		5252.5		616.7		6363.6		617.3		9191.9		894.8						2525.3		579.9		4141.4		561.8		7272.7		861.2		9292.9		942.0				
2828.3		528.5		5353.5		636.0		6464.6		632.0		9292.9		907.8						2626.3		600.6		4242.4		589.4		7373.7		884.1		9393.9		961.3				
2929.3		559.3		5454.5		656.3		6565.7		646.5		9393.9		920.8						2727.3		621.4		4343.4		617.8		7474.7		907.7		9494.9		980.6				
3030.3		589.0		5555.6		677.6		6666.7		660.9		9494.9		933.6						2828.3		642.2		4444.4		646.8		7575.8		932.0		9596.0		999.9				
3131.3		617.7		5656.6		700.0		6767.7		675.3		9596.0		946.5						2929.3		663.1		4545.5		676.2		7676.8		957.0		9697.0		1019.2				
3232.3		645.6		5757.6		723.5		6868.7		689.7		9697.0		959.3						3030.3		683.9		4646.5		705.8		7777.8		982.8		9798.0		1038.6				
3333.3		672.8		5858.6		748.0		6969.7		704.0		9798.0		972.1						3131.3		704.9		4747.5		735.3		7878.8		1009.2		9899.0		1058.1				
3434.3		699.4		5959.6		773.6		7070.7		718.4		9899.0		985.0						3232.3		725.8		4848.5		764.6		7979.8		1036.3								
3535.4		725.5		6060.6		800.0		7171.7		732.9										3333.3		746.8		4949.5		793.6		8080.8		1063.8								
3636.4		751.2		6161.6		827.3		7272.7		747.4										3434.3		767.8		5050.5		822.3		8181.8		1091.8								
3737.4		776.5		6868.7		1028.1		7373.7		762.2										3535.4		788.9		5151.5		850.7		8282.8		1120.2								
3838.4		801.5		7070.7		1085.6		7474.7		777.0										3636.4		810.0		5252.5		878.7		8383.8		1148.8								
3939.4		826.1		7575.8		1225.8		7575.8		792.1										3737.4		831.1		5353.5		906.3		8484.8		1177.6								
4040.4		850.6		7878.8		1307.3		7676.8		807.5										3838.4		852.3		5454.5		933.5		8585.9		1206.5								
4141.4		874.8		7979.8		1334.0		7777.8		823.1										3939.4		873.5		5555.6		960.4		8686.9		1235.5								
4242.4		898.8		8282.8		1412.8		7878.8		839.1										4040.4		894.7		5656.6		987.0		8787.9		1264.5								
4343.4		922.7		8383.8		1438.7		7979.8		855.4										4141.4		916.0		5757.6		1013.2		8888.9		1293.4								
4444.4		946.3		8484.8		1464.4		8080.8		872.1										4242.4		937.3		5858.6		1039.1		8989.9		1322.3								
4545.5		969.9		8787.9		1540.5		8181.8		889.2										4343.4		958.6		5959.6		1064.8		9090.9		1351.0								
4646.5		993.3		8888.9		1565.6		8282.8		906.8										4444.4		979.9		6060.6		1090.2		9191.9		1379.7								
4747.5		1016.6		8989.9		1590.5		8383.8		924.8										4545.5		1001.3		6161.6		1115.3		9292.9		1408.2								
4848.5		1039.8		9090.9		1615.2		8484.8		943.5										4646.5		1022.7		6262.6		1140.2		9393.9		1436.5								
4949.5		1062.9		9393.9		1688.8		8585.9		962.6										4747.5		1044.1		6363.6		1164.8		9494.9		1464.6								
5050.5		1085.9		9494.9		1713.0		8686.9		982.4										4848.5		1065.5		6464.6		1189.3		9596.0		1492.6								
5151.5		1108.8		9596.0		1737.2		8787.9		1002.8										4949.5		1087.0		6565.7		1213.6		9697.0		1520.5								
5252.5		1131.7		9697.0		1761.2		8888.9		1023.9										5050.5		1108.5		6666.7		1237.6		9798.0		1548.1								
5353.5		1154.5		9798.0		1785.1		8989.9		1045.6										5151.5		1130.0		6767.7		1261.6		9899.0		1575.6								
5454.5		1177.2		9899.0		1809.0		9090.9		1068.0										5252.5		1151.5		6868.7		1285.3												
5555.6		1199.9						9191.9		1091.2										5353.5		1173.0		6969.7		1308.9												
5656.6		1222.5						9292.9		1115.0										5454.5		1194.6		7070.7		1332.4												
5757.6		1245.1						9393.9		1139.5										5555.6		1216.2		7171.7		1355.7												
5858.6		1267.6						9494.9		1164.7										5656.6		1237.8		7272.7		1378.9												
5959.6		1290.1						9596.0		1190.6										5757.6		1259.4		7373.7		1402.0												
6060.6		1312.6						9697.0		1217.0										5858.6		1281.0		7474.7		1425.0												
6161.6		1335.0						9798.0		1244.0										5959.6		1302.7		7575.8		1447.8												
6262.6		1357.4						9899.0		1271.4										6060.6		1324.4		7676.8		1470.6												
6363.6		1379.8																		6161.6		1346.1		7777.8		1493.3												
6464.6		1402.1																		6262.6		1367.8		7878.8		1515.9												
6565.7		1424.4																		6363.6		1389.5		7979.8		1538.4												
6666.7		1446.7																		6464.6		1411.2		8080.8		1560.8												
6767.7		1469.0																		6565.7		1432.9		8181.8		1583.1												
6868.7		1491.3																		6666.7		1454.7		8282.8		1605.4												
6969.7		1513.5																		6767.7		1476.5		8383.8		1627.6												
7070.7		1535.7																		6868.7		1498.3		8484.8		1649.7												
7171.7		1557.9																		6969.7		1520.0		8585.9		1671.8												
7272.7		1580.1																		7070.7		1541.8		8686.9		1693.8												
7373.7		1602.3																		7171.7		1563.7		8787.9		1715.8												
7474.7		1624.5																		7272.7		1585.5		8888.9		1737.7												
7575.8		1646.6																		7373.7		1607.3		8989.9		1759.6												
7676.8		1668.7																		7474.7		1629.1		9090.9		1781.4												
7777.8		1690.9																		7575.8		1651.0		9191.9		1803.1												
7878.8		1713.0																		7676.8		1672.8																
7979.8		1735.1																		7777.8		1694.7																
8080.8		1757.2																		7878.8		1716.6																
8181.8		1779.3																		7979.8		1738.5																
8282.8		1801.4																		8080.8		1760.3																
8383.8		1823.5																		8181.8		1782.2																
8484.8		1845.5																		8282.8		1804.1																
8585.9		1867.6																		8383.8		1826.0																
8686.9		1889.7																		8484.8		1847.9																
8787.9		1911.7																		8585.9		1869.8																
8888.9		1933.8																		8686.9		1891.8																
8989.9		1955.8																		8787.9		1913.7																
9090.9		1977.9																		8888.9		1935.6																
9191.9		1999.9																		8989.9		1957.5																
9292.9		2021.9																		9090.9		1979.5																
9393.9		2044.0																		9191.9		2001.4																
9494.9		2066.0																		9292.9		2023.3																
9596.0		2088.0																		9393.9		2045.3																
9697.0		2110.1																		9494.9		2067.2																
9798.0		2132.1																		9596.0		2089.2																
9899.0		2154.1																		9697.0		2111.1																
																				9798.0		2133.1																
																				9899.0		2155.0																
																				10000.0		2177.0																
